# 3ds Max Wavefront OBJ Exporter v0.97b - (c)2007 guruware
# File Created: 01.02.2017 18:37:38

mtllib missile_head_conflag.mtl

#
# object Component_56
#

v  -12.9846 640.7848 -18.8976
v  -25.2582 553.4540 18.8976
v  -25.2582 553.4540 -18.8976
v  -12.9846 640.7848 18.8976
v  -31.4961 554.3307 -18.8976
v  -31.4961 554.3307 18.8976
v  -19.2226 641.6615 -18.8976
v  -19.2226 641.6615 18.8976
# 8 vertices

vn 0.0000 -0.1392 -0.9903
vn 0.0000 -0.9903 0.1392
vn -1.0000 0.0000 0.0000
vn -0.0000 0.9903 -0.1392
vn 1.0000 0.0000 -0.0000
vn -0.0000 0.1392 0.9903
# 6 vertex normals

vt 0.7422 0.2734 0.0000
vt 0.6953 0.1641 0.0000
vt 0.7422 0.1641 0.0000
vt 0.6953 0.2734 0.0000
vt 0.6875 0.2734 0.0000
vt 0.6406 0.2813 0.0000
vt 0.6406 0.2734 0.0000
vt 0.6875 0.2813 0.0000
vt 0.6875 0.1641 0.0000
vt 0.7344 0.2813 0.0000
vt 0.7344 0.2734 0.0000
vt 0.6406 0.1641 0.0000
vt 0.6328 0.2734 0.0000
vt 0.6328 0.1641 0.0000
# 14 texture coords

g Component_56
usemtl Material__29
s off
f 1/1/1 2/2/1 3/3/1 
f 2/2/1 1/1/1 4/4/1 
f 2/5/2 5/6/2 3/7/2 
f 5/6/2 2/5/2 6/8/2 
f 7/4/3 3/9/3 5/2/3 
f 3/9/3 7/4/3 1/5/3 
f 7/5/4 4/10/4 1/8/4 
f 4/10/4 7/5/4 8/11/4 
f 2/12/5 8/13/5 6/14/5 
f 8/13/5 2/12/5 4/7/5 
f 8/5/6 5/12/6 6/9/6 
f 5/12/6 8/5/6 7/7/6 
# 12 faces

#
# object Component_56
#

v  12.9846 640.7848 18.8976
v  25.2581 553.4540 -18.8976
v  25.2581 553.4540 18.8976
v  12.9846 640.7848 -18.8976
v  31.4960 554.3307 18.8976
v  31.4960 554.3307 -18.8976
v  19.2225 641.6615 18.8976
v  19.2225 641.6615 -18.8976
# 8 vertices

vn 0.0000 -0.1392 -0.9903
vn 0.0000 -0.9903 0.1392
vn -1.0000 0.0000 0.0000
vn -0.0000 0.9903 -0.1392
vn 1.0000 0.0000 -0.0000
vn -0.0000 0.1392 0.9903
# 6 vertex normals

vt 0.7422 0.2734 0.0000
vt 0.6953 0.1641 0.0000
vt 0.7422 0.1641 0.0000
vt 0.6953 0.2734 0.0000
vt 0.6875 0.2734 0.0000
vt 0.6406 0.2813 0.0000
vt 0.6406 0.2734 0.0000
vt 0.6875 0.2813 0.0000
vt 0.6875 0.1641 0.0000
vt 0.7344 0.2813 0.0000
vt 0.7344 0.2734 0.0000
vt 0.6406 0.1641 0.0000
vt 0.6328 0.2734 0.0000
vt 0.6328 0.1641 0.0000
# 14 texture coords

g Component_56
usemtl Material__29
s off
f 9/15/7 10/16/7 11/17/7 
f 10/16/7 9/15/7 12/18/7 
f 10/19/8 13/20/8 11/21/8 
f 13/20/8 10/19/8 14/22/8 
f 15/18/9 11/23/9 13/16/9 
f 11/23/9 15/18/9 9/19/9 
f 15/19/10 12/24/10 9/22/10 
f 12/24/10 15/19/10 16/25/10 
f 10/26/11 16/27/11 14/28/11 
f 16/27/11 10/26/11 12/21/11 
f 16/19/12 13/26/12 14/23/12 
f 13/26/12 16/19/12 15/21/12 
# 12 faces

#
# object Component_56
#

v  18.8976 640.7848 -12.9846
v  -18.8977 553.4540 -25.2582
v  18.8976 553.4540 -25.2582
v  -18.8977 640.7848 -12.9846
v  18.8976 554.3307 -31.4961
v  -18.8977 554.3307 -31.4961
v  18.8976 641.6615 -19.2225
v  -18.8977 641.6615 -19.2225
# 8 vertices

vn 0.0000 -0.1392 -0.9903
vn 0.0000 -0.9903 0.1392
vn -1.0000 0.0000 0.0000
vn -0.0000 0.9903 -0.1392
vn 1.0000 0.0000 -0.0000
vn -0.0000 0.1392 0.9903
# 6 vertex normals

vt 0.7422 0.2734 0.0000
vt 0.6953 0.1641 0.0000
vt 0.7422 0.1641 0.0000
vt 0.6953 0.2734 0.0000
vt 0.6875 0.2734 0.0000
vt 0.6406 0.2813 0.0000
vt 0.6406 0.2734 0.0000
vt 0.6875 0.2813 0.0000
vt 0.6875 0.1641 0.0000
vt 0.7344 0.2813 0.0000
vt 0.7344 0.2734 0.0000
vt 0.6406 0.1641 0.0000
vt 0.6328 0.2734 0.0000
vt 0.6328 0.1641 0.0000
# 14 texture coords

g Component_56
usemtl Material__29
s off
f 17/29/13 18/30/13 19/31/13 
f 18/30/13 17/29/13 20/32/13 
f 18/33/14 21/34/14 19/35/14 
f 21/34/14 18/33/14 22/36/14 
f 23/32/15 19/37/15 21/30/15 
f 19/37/15 23/32/15 17/33/15 
f 23/33/16 20/38/16 17/36/16 
f 20/38/16 23/33/16 24/39/16 
f 18/40/17 24/41/17 22/42/17 
f 24/41/17 18/40/17 20/35/17 
f 24/33/18 21/40/18 22/37/18 
f 21/40/18 24/33/18 23/35/18 
# 12 faces

#
# object Component_56
#

v  -18.8977 640.7848 12.9846
v  18.8976 553.4540 25.2582
v  -18.8977 553.4540 25.2582
v  18.8976 640.7848 12.9846
v  -18.8977 554.3307 31.4961
v  18.8976 554.3307 31.4961
v  -18.8977 641.6615 19.2225
v  18.8976 641.6615 19.2225
# 8 vertices

vn 0.0000 -0.1392 -0.9903
vn 0.0000 -0.9903 0.1392
vn -1.0000 0.0000 0.0000
vn -0.0000 0.9903 -0.1392
vn 1.0000 0.0000 -0.0000
vn -0.0000 0.1392 0.9903
# 6 vertex normals

vt 0.7422 0.2734 0.0000
vt 0.6953 0.1641 0.0000
vt 0.7422 0.1641 0.0000
vt 0.6953 0.2734 0.0000
vt 0.6875 0.2734 0.0000
vt 0.6406 0.2813 0.0000
vt 0.6406 0.2734 0.0000
vt 0.6875 0.2813 0.0000
vt 0.6875 0.1641 0.0000
vt 0.7344 0.2813 0.0000
vt 0.7344 0.2734 0.0000
vt 0.6406 0.1641 0.0000
vt 0.6328 0.2734 0.0000
vt 0.6328 0.1641 0.0000
# 14 texture coords

g Component_56
usemtl Material__29
s off
f 25/43/19 26/44/19 27/45/19 
f 26/44/19 25/43/19 28/46/19 
f 26/47/20 29/48/20 27/49/20 
f 29/48/20 26/47/20 30/50/20 
f 31/46/21 27/51/21 29/44/21 
f 27/51/21 31/46/21 25/47/21 
f 31/47/22 28/52/22 25/50/22 
f 28/52/22 31/47/22 32/53/22 
f 26/54/23 32/55/23 30/56/23 
f 32/55/23 26/54/23 28/49/23 
f 32/47/24 29/54/24 30/51/24 
f 29/54/24 32/47/24 31/49/24 
# 12 faces

#
# object group_2
#

v  6.2992 554.3307 -6.2992
v  -6.2992 554.3307 6.2992
v  -6.2992 554.3307 -6.2992
v  6.2992 554.3307 6.2992
v  -6.2992 648.8190 -6.2992
v  6.2992 648.8190 -6.2992
v  6.2992 648.8190 6.2992
v  -6.2992 648.8190 6.2992
# 8 vertices

vn 0.0000 -1.0000 -0.0000
vn 0.0000 0.0000 -1.0000
vn 1.0000 0.0000 -0.0000
vn 0.0000 0.0000 1.0000
vn -1.0000 0.0000 -0.0000
vn 0.0000 1.0000 -0.0000
# 6 vertex normals

vt 0.8125 0.2656 0.0000
vt 0.7969 0.2813 0.0000
vt 0.7969 0.2656 0.0000
vt 0.8125 0.2813 0.0000
vt 0.7813 0.1484 0.0000
vt 0.7969 0.1484 0.0000
vt 0.7813 0.2656 0.0000
vt 0.8125 0.1484 0.0000
vt 0.7656 0.1484 0.0000
vt 0.7656 0.2656 0.0000
vt 0.8281 0.1484 0.0000
vt 0.8281 0.2656 0.0000
vt 0.7813 0.2813 0.0000
# 13 texture coords

g group_2
usemtl Material__29
s off
f 33/57/25 34/58/25 35/59/25 
f 34/58/25 33/57/25 36/60/25 
f 37/59/26 33/61/26 35/62/26 
f 33/61/26 37/59/26 38/63/26 
f 33/64/27 39/59/27 36/62/27 
f 39/59/27 33/64/27 38/57/27 
f 39/63/28 34/65/28 36/61/28 
f 34/65/28 39/63/28 40/66/28 
f 37/57/29 34/67/29 40/68/29 
f 34/67/29 37/57/29 35/64/29 
f 39/59/30 37/69/30 40/63/30 
f 37/69/30 39/59/30 38/58/30 
# 12 faces

